107581612289660
219004054622622
64915480515
103537235939787
157944390964356
1790067371022242
108126502661408
100142840161003
116766925010436
1591691421103656
110985457323347
150797291439363
222350204302999
104800005627300
511130772666187
120643271126551
100303684831219
257929554347316
102592052825384
154630494599302
749336148518870
1913199288760398
101179909675113
565828473566345
229496700244279
572577849425148
104300135999266
122618367749940
107421648407341
145968068607768
243049692222780
894081387280105
104729159292802
107589890771079
195390950322333
131568406716001
168995162973577
116240631553970
229812370224247
179411095251180
100202241999366
274616062395181
100324779521629
1773806956190482
257023370817249
119096577794445
124627240725435
101489936134366
102592069533175
106914145511790
108943524798123
107484338786638
111004378604126
107090068642820
375309779548901
207871812399152
100182266254320
528846480552920
150823772269997
229249750272181
107065145014306
105418029556529
106802041266795
188018064406013
220006515150979
100153186504956
116330428022778
239141285946965
107102521724628
31553452437
107932109052270
113163994905425
557255760971651
103483446038994
264183000112572
121831831023935
100595583016495
101768568769866
188235804379149
367172040066360
100846955871803
282875781567899
625470788080326
102887731854752
103913354811339
100314156198769
206479055878449
100734849483413
104985631841738
185976384592700
108202415525360
105025514548921
445191705854337
282746651583085
103138129056172
212587861949121
115004781624475
121173697748682
275624582294753
107642230925377
1379699258917282
587218888309981
109807642133361
104864809011986
107151128969686
729925067107433
100256841364950
103222339154608
202100196317856
178085022055672
112778595254876
107056079084249
113540591660766
112354321922238
102114825976458
122100855308007837
237772883272306
278787152989705
106944358560631
107560768994510
181512111707458
109468687259803
115318341424985
101282081589327
110714051462885
269998533093856
382783275836703
100410274722660
117263014814107
163593447726948
110383841904538
103537499312980
118482924840839
101629075519952
107627491832281
1023599077769643
112496165248090
119131094620489
105497999153925
122096170226006381
103473464637117
461227894011256
106198672201201
105488932363591
109571445569117
253047927887265
108484955594251
108438732337555
104360912762603
102599772567418
104720722411938
119097014624709
108412229016960
109432094977066
108942665346540
100302099827889
183027144885254
102184958933926
122397294301325
148017161733804
182983951569441
102935479530145
100758159647978
114423094582693
110624688668461
167918846399046
106738972199817
107261585663701
1485770655035296
188469571012626
107333838975654
132009696670478
102424569381084
107981368921916
102742246085040
232993213393641
108401345691237
232379063288153
231509497756399
106266895689970
101516729488293
114959801708455
223899231141528
106289261835968
110273638831026
100939103055282
223928044146008
104769795869777
112973785232812
270017819525743
267280659799384
109877958577300
249786868217649
103856452806863
126422213880264
130877843452145
107071787442619
103242101519243
113944711597235
101210506096626
109856658687002
660209514364619
225165704018942
159594390795515
100943592181378
100291832529533
248110185052464
110514734833710
107230012184458
137219899471929
101631108669544
166392673225855
257326930797655
101749628198714
234817059716943
116741831682124
113620708328353
123440080862627
100958279167471
103690859399271
823774704493299
177548095435151
480938628594051
103652694482219
265742443283645
100159389648568
104548692356902
107129995678067
144964438705988
104942299299711
106077262240533
190666890797279
107389555435694
191043039160163
100702831329450
107058858637453
109278268871029
148663784995411
106582528748492
122093857208016358
287351427787485
261675330362161
1166590893370881
114082404928857
197622350094233
134000366462277
144992525365457
1183925578396354
126997507157767
103664918974065
111188005041104
102929422832928
104738339102155
110299574837340
102918919295749
100972718815811
100868419711350
102926882423880
126621477197093
105421508132067
104019749218450
128223197038713
101523089559414
144010305469146
122095894946011457
103248232818676
1740759312824790
496039077076999
682625641833315
143722438825824
1701156000176607
150175401514344
281399125343016
192791177822001
107992992246584
104543492534519
102780254899555
143871592136104
430337373994617
490647300962512
111737703615071
150089208527243
120083754383706
109441908743763
180443591820610
160690730451540
105755915499387
100173076231750
117321101372823
104019879239683
101205886195703
101991771679273
100898171378809
105402771091048
113382311674097
198305800038953
244083945446589
